966561055043
966544065195
966566862210
966543190788
966544458491
966541208909
966564665988
966540404650
966564454623
966549549096
966561317466
966540300217
966568479916
966540003136
966568257446
966546271619
966546271619
966569157628
966543268452
966546271619
966544587664
966548484135
966546367345
966546271619
966562718285
966544587664
966546271619
966541175174
966562718285
966543268452
966542281138
966562718285
966542281138
966544587664
966542918364
966560538733
966563467112
966541081623
966544492193
966542022090
966566583388
966562854293
966544382147
966565044758
966547534322
966566328860
966555997784
966555997784
966555997784
966568106161
966568106161
966568106161
966544483084
966544483084
966544483084
966544483084
966544483084
966544483084
966566328860
966555997784
966564448468
966564448468
966564448468
966564448468
966564448468
966564448468
966555997784
966555997784
966555997784
966555997784
966566328860
966568043421
966568043421
966544483084
966544483084
966544483084
966543866052
966544483084
966544483084
966568043421
966568043421
966568043421
966568043421
966544483084
966544274772
966569235783
966562626631
966543244655
966549820288
966546728453
966561833345
966543211736
966546733221
966567017778
966545880677
966568443093
966550005771
966540701200
966580554333
966540363378
966541192659
966567054657
966543681378
966544390147
966542562585
966542884445
966547791440
966544667247
966540430234
966547565381
966568649993
966542840679
966598808666
966549261244
966564767730
966568974660
966542939226
966540093311
966542911946
966547226217
966540878040
966545757270
966546812835
966564799266
966545676272
966566339252
966544390882
966545498482
966544078516
966540559038
966566109450
966542799788
966540944006
966544664798
966566089855
966544965666
966541681862
966547175220
966543022044
966566223352
966566545677
966546771615
966542425952
966560777667
966566857844
966550505091
966561299009
966547445252
966546100777
966565857590
966541141938
966566016844
966569985857
966542345548
966565405852
966549006805
966556870145
966548954004
966561971499
966563150212
966563238709
966545051838
966542031000
966561613391
966547442355
966503773731
966566257322
966541605200
966562665102
966543717107
966544651113
966566335880
966540905005
966548576426
966563983898
966540077311
966568840591
966544667247
966546700704
966564911288
966563945583
966569790514
966567116385
966540021387
966547155002
966562388635
966549722218
966541415770
966562966402
966563953578
966542484902
966563692297
966568395668
966564454158
966561284069
966569155646
966543668860
966569506435
966562293933
966545454277
966548889924
966560492224
966548354879
966569974243
966569697043
966545057848
966545803422
966537297982
966566468609
966542476913
966545026271
966542687665
966541662994
966548747436
966568579617
966566281310
966544811123
966547042805
966548566785
966564582644
966561186384
966562206994
966567775095
966547750425
966547750425
966566671317
966566671317
966566671317
966566671317
966548333547
966548333547
966548333547
966566671317
966566671317
966548333547
966548333547
966548333547
966543084442
966544433686
966547750425
966544478842
966599588457
966547750425
966566371670
966566371670
966566371670
966561296661
966561296661
966561296661
966500202855
966562475200
966562952825
966500202855
966541636261
966541636261
966541636261
966541636261
966544625325
966544625325
966502600888
966547991105
966502600888
966547991105
966502600888
966547991105
966544625325
966557544244
966544625325
966544625325
966566403245
966562499927
966544625325
966567047222
966560532111
966562900040
966548548087
966549155189
966544906468
966544906468
966569877664
966569877664
966569877664
966569877664
966569877664
966569877664
966546402171
966567778418
966567778418
966567778418
966567778418
966567778418
966567778418
966567778418
966567778418
966568876713
966534023006
966543241320
966569991106
966569991106
966569991106
966569991106
966569991106
966569991106
966543241320
966543241320
966551445560
966551445560
966551445560
966551445560
966551445560
966551445560
966551445560
966547927448
966568876713
966568151776
966569369399
966563095719
966568151776
966568151776
966569369399
966560904429
966540927977
966565508752
966565508752
966565508752
966565508752
966565508752
966565508752
966599995379
966599995379
966565508752
966565508752
966565508752
966565508752
966565508752
966565508752
966565508752
966565508752
966565508752
966545324112
966560271744
966564179996
966564179996
966564179996
966564179996
966564179996
966564179996
966564179996
966564179996
966564179996
966564179996
966564179996
966564179996
966507031030
966507031030
966507031030
966507031030
966507031030
966507031030
966540722333
966540722333
966540722333
966540722333
966540722333
966540722333
966540722333
966540722333
966540722333
966540722333
966540722333
966582996544
966582996544
966582996544
966582996544
966582996544
966548999635
966555520784
966548999635
966548999635
966566960440
966566960440
966566960440
966544512277
966555520784
966548999635
966566617551
966560388054
966548999635
966559595312
966559595312
966559595312
966559595312
966563603206
966544280236
966555806863
966555806863
966555806863
966541296546
966551266678
966544892593
966551266678
966551266678
966551266678
966551266678
966551266678
966551266678
966551266678
966551266678
966551266678
966551266678
966551266678
966551266678
966551266678
966551266678
966544280236
966561351315
966561351315
966561351315
966561351315
